5.000000000000000000e+00 2.771602027156250614e+01
5.013944794695235352e+00 2.795510715907315458e+01
5.027921998940321657e+00 2.819625648337010304e+01
5.041931688059340999e+00 2.843948603566535382e+01
5.055973937551446973e+00 2.868481376064346833e+01
5.070048823091255485e+00 2.893225775778510567e+01
5.084156420529267528e+00 2.918183628270262631e+01
5.098296805892264416e+00 2.943356774848723489e+01
5.112470055383728784e+00 2.968747072706663204e+01
5.126676245384245156e+00 2.994356395057603137e+01
5.140915452451923606e+00 3.020186631273957190e+01
5.155187753322797661e+00 3.046239687026454845e+01
5.169493224911251517e+00 3.072517484424724188e+01
5.183831944310423268e+00 3.099021962159098109e+01
5.198203988792633012e+00 3.125755075643636971e+01
5.212609435809783420e+00 3.152718797160425979e+01
5.227048362993794051e+00 3.179915116005040687e+01
5.241520848157001922e+00 3.207346038633340868e+01
5.256026969292601159e+00 3.235013588809467677e+01
5.270566804575040898e+00 3.262919807755215373e+01
5.285140432360469376e+00 3.291066754300538832e+01
5.299747931187134498e+00 3.319456505035522298e+01
5.314389379775826150e+00 3.348091154463528341e+01
5.329064857030283875e+00 3.376972815155764351e+01
5.343774442037638295e+00 3.406103617907118064e+01
5.358518214068821450e+00 3.435485711893377214e+01
5.373296252579007337e+00 3.465121264829754466e+01
5.388108637208028462e+00 3.495012463130873215e+01
5.402955447780818155e+00 3.525161512071994707e+01
5.417836764307825348e+00 3.555570635951804803e+01
5.432752666985461332e+00 3.586242078256461241e+01
5.447703236196518084e+00 3.617178101825101066e+01
5.462688552510614137e+00 3.648380989016810361e+01
5.477708696684616463e+00 3.679853041879033526e+01
5.492763749663086337e+00 3.711596582317328341e+01
5.507853792578705665e+00 3.743613952266788658e+01
5.522978906752727291e+00 3.775907513864699183e+01
5.538139173695396877e+00 3.808479649624902663e+01
5.553334675106408547e+00 3.841332762613505736e+01
5.568565492875330314e+00 3.874469276626231817e+01
5.583831709082057948e+00 3.907891636367190813e+01
5.599133405997245738e+00 3.941602307629275970e+01
5.614470666082764794e+00 3.975603777476034395e+01
5.629843571992128481e+00 4.009898554425210904e+01
5.645252206570956055e+00 4.044489168633784715e+01
5.660696652857405198e+00 4.079378172084654608e+01
5.676176994082630323e+00 4.114568138774896511e+01
5.691693313671219556e+00 4.150061664905687309e+01
5.707245695241659256e+00 4.185861369073789007e+01
5.722834222606766552e+00 4.221969892464839091e+01
5.738458979774160973e+00 4.258389899048132321e+01
5.754120050946696985e+00 4.295124075773154715e+01
5.769817520522936505e+00 4.332175132767874004e+01
5.785551473097586772e+00 4.369545803538633066e+01
5.801321993461971083e+00 4.407238845171843877e+01
5.817129166604474655e+00 4.445257038537401684e+01
5.832973077711010035e+00 4.483603188493821534e+01
5.848853812165468291e+00 4.522280124095204457e+01
5.864771455550191526e+00 4.561290698799898991e+01
5.880726093646417851e+00 4.600637790681118133e+01
5.896717812434761896e+00 4.640324302639188403e+01
5.912746698095658004e+00 4.680353162615753604e+01
5.928812837009844294e+00 4.720727323809752107e+01
5.944916315758813852e+00 4.761449764895345282e+01
5.961057221125290795e+00 4.802523490241652127e+01
5.977235640093686797e+00 4.843951530134383177e+01
5.993451659850586033e+00 4.885736940999468203e+01
6.009705367785198149e+00 4.927882805628441076e+01
6.025996851489842321e+00 4.970392233405971893e+01
6.042326198760409106e+00 5.013268360539236568e+01
6.058693497596842725e+00 5.056514350289307913e+01
6.075098836203606467e+00 5.100133393204490062e+01
6.091542302990167634e+00 5.144128707355753249e+01
6.108023986571463837e+00 5.188503538574124008e+01
6.124543975768390602e+00 5.233261160690170755e+01
6.141102359608268557e+00 5.278404875775531480e+01
6.157699227325337255e+00 5.323938014386509820e+01
6.174334668361219691e+00 5.369863935809841138e+01
6.191008772365421464e+00 5.416186028310450951e+01
6.207721629195801505e+00 5.462907709381509846e+01
6.224473328919061466e+00 5.510032425996536887e+01
6.241263961811224448e+00 5.557563654863684377e+01
6.258093618358135934e+00 5.605504902682247348e+01
6.274962389255938078e+00 5.653859706401402718e+01
6.291870365411562638e+00 5.702631633481129114e+01
6.308817637943218593e+00 5.751824282155411794e+01
6.325804298180890406e+00 5.801441281697720598e+01
6.342830437666827414e+00 5.851486292688697688e+01
6.359896148156026996e+00 5.901963007286325791e+01
6.377001521616742608e+00 5.952875149498247254e+01
6.394146650230973172e+00 6.004226475456595580e+01
6.411331626394964012e+00 6.056020773694942250e+01
6.428556542719697120e+00 6.108261865428013948e+01
6.445821492031392985e+00 6.160953604833448338e+01
6.463126567372017739e+00 6.214099879336200871e+01
6.480471861999779648e+00 6.267704609895411494e+01
6.497857469389627383e+00 6.321771751293524488e+01
6.515283483233756279e+00 6.376305292428226323e+01
6.532749997442121703e+00 6.431309256606580504e+01
6.550257106142934660e+00 6.486787701842014542e+01
6.567804903683168938e+00 6.542744721153574972e+01
6.585393484629080696e+00 6.599184442867966993e+01
6.603022943766702291e+00 6.656111030924057559e+01
6.620693376102369854e+00 6.713528685180186528e+01
6.638404876863218007e+00 6.771441641723932037e+01
6.656157541497710106e+00 6.829854173184681088e+01
6.673951465676137396e+00 6.888770589048810677e+01
6.691786745291149252e+00 6.948195235977642881e+01
6.709663476458252340e+00 7.008132498128172472e+01
6.727581755516348849e+00 7.068586797476407924e+01
6.745541679028235649e+00 7.129562594143780530e+01
6.763543343781144301e+00 7.191064386725977897e+01
6.781586846787242884e+00 7.253096712625045939e+01
6.799672285284176887e+00 7.315664148383993393e+01
6.817799756735578143e+00 7.378771310024528418e+01
6.835969358831603060e+00 7.442422853387574833e+01
6.854181189489446879e+00 7.506623474476729996e+01
6.872435346853884575e+00 7.571377909804806450e+01
6.890731929297783331e+00 7.636690936743191571e+01
6.909071035422651441e+00 7.702567373874381929e+01
6.927452764059151669e+00 7.769012081347409548e+01
6.945877214267651034e+00 7.836029961236442887e+01
6.964344485338736845e+00 7.903625957902457344e+01
6.982854676793768256e+00 7.971805058358005169e+01
7.001407888385399403e+00 8.040572292635113172e+01
7.020004220098130077e+00 8.109932734156454615e+01
7.038643772148828859e+00 8.179891500109567914e+01
7.057326644987290010e+00 8.250453751824399262e+01
7.076052939296756605e+00 8.321624695154169160e+01
7.094822755994481867e+00 8.393409580859295716e+01
7.113636196232260289e+00 8.465813704994987177e+01
7.132493361396976539e+00 8.538842409301729219e+01
7.151394353111150792e+00 8.612501081599562269e+01
7.170339273233492960e+00 8.686795156185526423e+01
7.189328223859437372e+00 8.761730114234519817e+01
7.208361307321709432e+00 8.837311484203765133e+01
7.227438626190862081e+00 8.913544842240661126e+01
7.246560283275844228e+00 8.990435812594148501e+01
7.265726381624537211e+00 9.067990068029659767e+01
7.284937024524330340e+00 9.146213330247674378e+01
7.304192315502655575e+00 9.225111370305776859e+01
7.323492358327564844e+00 9.304690009044472276e+01
7.342837257008270058e+00 9.384955117516622636e+01
7.362227115795729304e+00 9.465912617420602260e+01
7.381662039183179758e+00 9.547568481537140883e+01
7.401142131906725652e+00 9.629928734170067628e+01
7.420667498945881846e+00 9.712999451590620481e+01
7.440238245524156468e+00 9.796786762485879763e+01
7.459854477109608695e+00 9.881296848410859468e+01
7.479516299415420733e+00 9.966535944244482437e+01
7.499223818400462704e+00 1.005251033864974772e+02
7.518977140269871740e+00 1.013922637453756010e+02
7.538776371475618632e+00 1.022669044953466653e+02
7.558621618717079826e+00 1.031490901645578049e+02
7.578512988941614736e+00 1.040388858377950498e+02
7.598450589345150163e+00 1.049363571612863240e+02
7.618434527372741627e+00 1.058415703475435237e+02
7.638464910719168444e+00 1.067545921802483235e+02
7.658541847329496832e+00 1.076754900191788664e+02
7.678665445399683875e+00 1.086043318051794131e+02
7.698835813377140624e+00 1.095411860651724822e+02
7.719053059961327179e+00 1.104861219172150726e+02
7.739317294104331779e+00 1.114392090755978444e+02
7.759628625011465886e+00 1.124005178559880846e+02
7.779987162141850376e+00 1.133701191806175075e+02
7.800393015208998193e+00 1.143480845835153730e+02
7.820846294181411196e+00 1.153344862157841391e+02
7.841347109283175243e+00 1.163293968509252636e+02
7.861895570994555271e+00 1.173328898902059194e+02
7.882491790052581493e+00 1.183450393680750778e+02
7.903135877451648028e+00 1.193659199576257777e+02
7.923827944444122195e+00 1.203956069761038634e+02
7.944568102540937815e+00 1.214341763904654528e+02
7.965356463512188512e+00 1.224817048229799354e+02
7.986193139387735229e+00 1.235382695568844014e+02
8.007078242457817296e+00 1.246039485420850781e+02
8.028011885273652837e+00 1.256788204009074690e+02
8.048994180648035623e+00 1.267629644338979773e+02
8.070025241655955028e+00 1.278564606256730798e+02
8.091105181635205312e+00 1.289593896508216631e+02
8.112234114186989586e+00 1.300718328798561743e+02
8.133412153176534432e+00 1.311938723852159114e+02
8.154639412733704518e+00 1.323255909473220697e+02
8.175916007253619000e+00 1.334670720606858936e+02
8.197242051397266138e+00 1.346183999400667801e+02
8.218617660092123245e+00 1.357796595266877091e+02
8.240042948532765976e+00 1.369509364944991603e+02
8.261518032181507820e+00 1.381323172565028017e+02
8.283043026769007611e+00 1.393238889711249726e+02
8.304618048294900134e+00 1.405257395486465555e+02
8.326243213028408974e+00 1.417379576576901172e+02
8.347918637508994877e+00 1.429606327317609669e+02
8.369644438546968601e+00 1.441938549758454826e+02
8.391420733224117967e+00 1.454377153730650605e+02
8.413247638894350899e+00 1.466923056913898620e+02
8.435125273184317152e+00 1.479577184904088085e+02
8.457053753994049572e+00 1.492340471281582950e+02
8.479033199497591156e+00 1.505213857680092246e+02
8.501063728143646969e+00 1.518198293856156056e+02
8.523145458656198770e+00 1.531294737759193083e+02
8.545278510035172914e+00 1.544504155602194828e+02
8.567463001557053204e+00 1.557827521933000696e+02
8.589699052775550570e+00 1.571265819706201512e+02
8.611986783522226574e+00 1.584820040355649553e+02
8.634326313907150663e+00 1.598491183867612904e+02
8.656717764319541430e+00 1.612280258854552528e+02
8.679161255428422095e+00 1.626188282629512969e+02
8.701656908183259986e+00 1.640216281281218755e+02
8.724204843814634458e+00 1.654365289749727594e+02
8.746805183834869268e+00 1.668636351902820820e+02
8.769458050038711150e+00 1.683030520612992120e+02
8.792163564503962192e+00 1.697548857835149931e+02
8.814921849592160186e+00 1.712192434684941702e+02
8.837733027949216336e+00 1.726962331517784719e+02
8.860597222506100934e+00 1.741859638008583318e+02
8.883514556479477520e+00 1.756885453232102350e+02
8.906485153372393881e+00 1.772040885744067396e+02
8.929509136974923322e+00 1.787327053662939420e+02
8.952586631364855663e+00 1.802745084752425271e+02
8.975717760908343834e+00 1.818296116504653241e+02
8.998902650260593106e+00 1.833981296224113748e+02
9.022141424366516560e+00 1.849801781112296339e+02
9.045434208461418990e+00 1.865758738353073056e+02
9.068781128071666586e+00 1.881853345198781540e+02
9.092182309015370834e+00 1.898086789057116732e+02
9.115637877403059974e+00 1.914460267578717207e+02
9.139147959638348695e+00 1.930974988745509222e+02
9.162712682418645116e+00 1.947632170959860218e+02
9.186332172735809820e+00 1.964433043134427521e+02
9.210006557876861066e+00 1.981378844782866508e+02
9.233735965424628489e+00 1.998470826111242218e+02
9.257520523258477851e+00 2.015710248110290763e+02
9.281360359554977180e+00 2.033098382648436768e+02
9.305255602788603753e+00 2.050636512565629346e+02
9.329206381732406683e+00 2.068325931767996906e+02
9.353212825458735225e+00 2.086167945323284698e+02
9.377275063339919114e+00 2.104163869557161775e+02
9.401393225048968461e+00 2.122315032150328591e+02
9.425567440560255861e+00 2.140622772236459923e+02
9.449797840150246486e+00 2.159088440501017203e+02
9.474084554398181979e+00 2.177713399280866895e+02
9.498427714186783888e+00 2.196499022664842187e+02
9.522827450702974872e+00 2.215446696595069227e+02
9.547283895438548385e+00 2.234557818969227014e+02
9.571797180190923626e+00 2.253833799743707402e+02
9.596367437063834771e+00 2.273276061037611839e+02
9.620994798468023745e+00 2.292886037237674088e+02
9.645679397121989851e+00 2.312665175104094715e+02
9.670421366052684320e+00 2.332614933877255226e+02
9.695220838596227964e+00 2.352736785385412759e+02
9.720077948398637702e+00 2.373032214153251687e+02
9.744992829416528224e+00 2.393502717511424578e+02
9.769965615917859836e+00 2.414149805707025109e+02
9.794996442482652554e+00 2.434975002014989514e+02
9.820085444003689545e+00 2.455979842850497619e+02
9.845232755687279180e+00 2.477165877882310383e+02
9.870438513053962026e+00 2.498534670147123222e+02
9.895702851939249811e+00 2.520087796164843894e+02
9.921025908494351953e+00 2.541826846054944724e+02
9.946407819186902088e+00 2.563753423653740242e+02
9.971848720801716581e+00 2.585869146632728075e+02
9.997348750441515719e+00 2.608175646617950747e+02
1.002290804552765024e+01 2.630674569310352808e+02
1.004852674380087407e+01 2.653367574607179904e+02
1.007420498332206193e+01 2.676256336724495668e+02
1.009994290247295901e+01 2.699342544320625734e+02
1.012574063995693407e+01 2.722627900620812511e+02
1.015159833479970786e+01 2.746114123542828906e+02
1.017751612635012570e+01 2.769802945823716982e+02
1.020349415428090545e+01 2.793696115147674846e+02
1.022953255858935862e+01 2.817795394274933187e+02
1.025563147959818977e+01 2.842102561171838602e+02
1.028179105795622839e+01 2.866619409142024324e+02
1.030801143463918557e+01 2.891347746958708740e+02
1.033429275095042676e+01 2.916289398998134743e+02
1.036063514852171075e+01 2.941446205374190868e+02
1.038703876931398007e+01 2.966820022074146550e+02
1.041350375561811425e+01 2.992412721095566326e+02
1.044003025005567942e+01 3.018226190584472874e+02
1.046661839557973117e+01 3.044262334974591226e+02
1.049326833547555893e+01 3.070523075127879906e+02
1.051998021336146927e+01 3.097010348476243848e+02
1.054675417318955866e+01 3.123726109164478544e+02
1.057359035924647195e+01 3.150672328194411307e+02
1.060048891615421418e+01 3.177850993570363016e+02
1.062744998887090730e+01 3.205264110445756955e+02
1.065447372269156112e+01 3.232913701271110654e+02
1.068156026324888686e+01 3.260801805943204954e+02
1.070870975651405743e+01 3.288930481955604250e+02
1.073592234879750684e+01 3.317301804550439783e+02
1.076319818674971351e+01 3.345917866871512842e+02
1.079053741736197836e+01 3.374780780118734924e+02
1.081794018796724721e+01 3.403892673703868468e+02
1.084540664624088180e+01 3.433255695407642634e+02
1.087293694020145018e+01 3.462872011538177048e+02
1.090053121821154747e+01 3.492743807090861310e+02
1.092818962897858093e+01 3.522873285909505512e+02
1.095591232155557293e+01 3.553262670848964149e+02
1.098369944534196740e+01 3.583914203939108347e+02
1.101155115008441676e+01 3.614830146550251015e+02
1.103946758587762567e+01 3.646012779559970909e+02
1.106744890316512553e+01 3.677464403521407803e+02
1.109549525274011295e+01 3.709187338832978753e+02
1.112360678574622241e+01 3.741183925909555228e+02
1.115178365367838786e+01 3.773456525355161375e+02
1.118002600838363136e+01 3.806007518137099055e+02
1.120833400206188912e+01 3.838839305761640048e+02
1.123670778726683039e+01 3.871954310451164361e+02
1.126514751690666927e+01 3.905354975322912878e+02
1.129365334424500844e+01 3.939043764569178734e+02
1.132222542290166345e+01 3.973023163639150539e+02
1.135086390685346025e+01 4.007295679422252306e+02
1.137956895043510386e+01 4.041863840433113069e+02
1.140834070833999192e+01 4.076730196998104816e+02
1.143717933562104783e+01 4.111897321443488522e+02
1.146608498769156448e+01 4.147367808285196702e+02
1.149505782032601786e+01 4.183144274420266697e+02
1.152409798966094101e+01 4.219229359319884907e+02
1.155320565219575357e+01 4.255625725224123244e+02
1.158238096479357715e+01 4.292336057338354749e+02
1.161162408468212526e+01 4.329363064031358590e+02
1.164093516945452222e+01 4.366709477035118994e+02
1.167031437707015940e+01 4.404378051646413041e+02
1.169976186585555489e+01 4.442371566930009408e+02
1.172927779450517782e+01 4.480692825923763962e+02
1.175886232208234361e+01 4.519344655845405327e+02
1.178851560802005238e+01 4.558329908301091677e+02
1.181823781212182745e+01 4.597651459495805284e+02
1.184802909456261943e+01 4.637312210445588789e+02
1.187788961588963410e+01 4.677315087191488487e+02
1.190781953702321516e+01 4.717663041015520662e+02
1.193781901925771116e+01 4.758359048658335837e+02
1.196788822426232102e+01 4.799406112538899265e+02
1.199802731408200529e+01 4.840807260975914232e+02
1.202823645113833528e+01 4.882565548411320719e+02
1.205851579823035280e+01 4.924684055635595428e+02
1.208886551853548852e+01 4.967165890015080549e+02
1.211928577561040932e+01 5.010014185721194622e+02
1.214977673339191000e+01 5.053232103961670987e+02
1.218033855619780681e+01 5.096822833213821013e+02
1.221097140872778652e+01 5.140789589459715216e+02
1.224167545606434260e+01 5.185135616423469855e+02
1.227245086367364202e+01 5.229864185810574781e+02
1.230329779740639751e+01 5.274978597549248889e+02
1.233421642349879832e+01 5.320482180033886834e+02
1.236520690857338600e+01 5.366378290370661261e+02
1.239626941963995321e+01 5.412670314625155470e+02
1.242740412409644968e+01 5.459361668072187967e+02
1.245861118972986503e+01 5.506455795447799346e+02
1.248989078471716141e+01 5.553956171203365102e+02
1.252124307762617406e+01 5.601866299761961727e+02
1.255266823741648530e+01 5.650189715776879211e+02
1.258416643344038732e+01 5.698929984392410688e+02
1.261573783544375971e+01 5.748090701506883988e+02
1.264738261356699667e+01 5.797675494037928274e+02
1.267910093834592189e+01 5.847688020190115594e+02
1.271089298071269624e+01 5.898131969724771579e+02
1.274275891199675925e+01 5.949011064232256558e+02
1.277469890392575280e+01 6.000329057406503352e+02
1.280671312862640754e+01 6.052089735321959552e+02
1.283880175862552520e+01 6.104296916712919483e+02
1.287096496685087565e+01 6.156954453255234512e+02
1.290320292663213131e+01 6.210066229850501713e+02
1.293551581170181919e+01 6.263636164912684308e+02
1.296790379619621802e+01 6.317668210657152486e+02
1.300036705465634412e+01 6.372166353392329938e+02
1.303290576202887152e+01 6.427134613813736905e+02
1.306552009366705214e+01 6.482577047300655977e+02
1.309821022533170165e+01 6.538497744215325156e+02
1.313097633319212143e+01 6.594900830204670683e+02
1.316381859382705422e+01 6.651790466504744472e+02
1.319673718422564157e+01 6.709170850247672888e+02
1.322973228178834759e+01 6.767046214771364703e+02
1.326280406432796610e+01 6.825420829931754270e+02
1.329595271007054436e+01 6.884299002417883457e+02
1.332917839765633161e+01 6.943685076069639308e+02
1.336248130614078633e+01 7.003583432198155379e+02
1.339586161499550165e+01 7.063998489909121190e+02
1.342931950410918951e+01 7.124934706428813342e+02
1.346285515378865760e+01 7.186396577432841468e+02
1.349646874475974201e+01 7.248388637377986470e+02
1.353016045816833746e+01 7.310915459836542141e+02
1.356393047558134413e+01 7.373981657833904819e+02
1.359777897898762156e+01 7.437591884188828999e+02
1.363170615079902248e+01 7.501750831856699051e+02
1.366571217385133963e+01 7.566463234275771583e+02
1.369979723140530226e+01 7.631733865716406626e+02
1.373396150714755848e+01 7.697567541633272867e+02
1.376820518519167891e+01 7.763969119020624703e+02
1.380252845007911411e+01 7.830943496770651109e+02
1.383693148678023732e+01 7.898495616034873592e+02
1.387141448069531613e+01 7.966630460588702363e+02
1.390597761765549123e+01 8.035353057199137083e+02
1.394062108392382093e+01 8.104668475995598556e+02
1.397534506619625816e+01 8.174581830843982289e+02
1.401014975160266118e+01 8.245098279724001031e+02
1.404503532770780794e+01 8.316223025109645732e+02
1.408000198251238366e+01 8.387961314353037778e+02
1.411504990445403074e+01 8.460318440071612258e+02
1.415017928240834699e+01 8.533299740538496962e+02
1.418539030568987869e+01 8.606910600076425908e+02
1.422068316405318988e+01 8.681156449454933863e+02
1.425605804769384832e+01 8.756042766291056978e+02
1.429151514724946281e+01 8.831575075453431509e+02
1.432705465380071708e+01 8.907758949469880463e+02
1.436267675887236805e+01 8.984600008938608653e+02
1.439838165443432594e+01 9.062103922942757208e+02
1.443416953290266136e+01 9.140276409468792735e+02
1.447004058714062502e+01 9.219123235828226370e+02
1.450599501045973128e+01 9.298650219083185675e+02
1.454203299662076709e+01 9.378863226475566535e+02
1.457815473983484189e+01 9.459768175859873054e+02
1.461436043476445157e+01 9.541371036139893249e+02
1.465065027652448393e+01 9.623677827708925179e+02
1.468702446068332890e+01 9.706694622894062832e+02
1.472348318326389816e+01 9.790427546404168879e+02
1.476002664074466431e+01 9.874882775781729833e+02
1.479665503006076932e+01 9.960066541858557230e+02
1.483336854860504594e+01 1.004598512921558836e+03
1.487016739422909595e+01 1.013264487664643184e+03
1.490705176524436126e+01 1.022005217762510483e+03
1.494402186042316316e+01 1.030821348077768334e+03
1.498107787899982135e+01 1.039713529035806232e+03
1.501822002067170203e+01 1.048682416672783120e+03
1.505544848560026239e+01 1.057728672684027288e+03
1.509276347441220167e+01 1.066852964472851681e+03
1.513016518820047907e+01 1.076055965199799175e+03
1.516765382852542743e+01 1.085338353832297116e+03
1.520522959741584046e+01 1.094700815194755933e+03
1.524289269737002783e+01 1.104144040019090880e+03
1.528064333135695207e+01 1.113668724995685579e+03
1.531848170281731569e+01 1.123275572824783922e+03
1.535640801566460922e+01 1.132965292268339226e+03
1.539442247428626587e+01 1.142738598202305411e+03
1.543252528354474507e+01 1.152596211669370177e+03
1.547071664877862673e+01 1.162538859932161586e+03
1.550899677580374103e+01 1.172567276526894148e+03
1.554736587091421995e+01 1.182682201317491490e+03
1.558582414088369461e+01 1.192884380550177184e+03
1.562437179296635392e+01 1.203174566908510542e+03
1.566300903489804952e+01 1.213553519568939691e+03
1.570173607489746814e+01 1.224022004256800301e+03
1.574055312166721166e+01 1.234580793302805432e+03
1.577946038439493393e+01 1.245230665700032887e+03
1.581845807275448124e+01 1.255972407161394131e+03
1.585754639690697942e+01 1.266806810177598436e+03
1.589672556750202403e+01 1.277734674075624071e+03
1.593599579567879232e+01 1.288756805077691297e+03
1.597535729306714458e+01 1.299874016360735595e+03
1.601481027178882499e+01 1.311087128116411350e+03
1.605435494445857358e+01 1.322396967611592345e+03
1.609399152418526313e+01 1.333804369249412730e+03
1.613372022457308219e+01 1.345310174630825713e+03
1.617354125972262935e+01 1.356915232616686808e+03
1.621345484423212824e+01 1.349978051418280529e+03
1.625346119319855731e+01 1.324410011432137935e+03
1.629356052221878315e+01 1.299218136166036402e+03
1.633375304739077905e+01 1.274354549711936443e+03
1.637403898531474411e+01 1.249758570185427516e+03
1.641441855309428277e+01 1.225504547403709694e+03
1.645489196833759138e+01 1.201643583134257824e+03
1.649545944915858797e+01 1.178142420133935957e+03
1.653612121417814507e+01 1.154977971256769251e+03
1.657687748252523363e+01 1.132135152463372151e+03
1.661772847383808482e+01 1.109573565849497072e+03
1.665867440826543344e+01 1.087315727841295029e+03
1.669971550646764413e+01 1.065423620511640593e+03
1.674085198961793708e+01 1.043907185802905360e+03
1.678208407940357816e+01 1.022724856574979526e+03
1.682341199802703002e+01 1.001836794974893110e+03
1.686483596820720976e+01 9.812170961950851051e+02
1.690635621318066129e+01 9.608851616273971104e+02
1.694797295670276327e+01 9.408801340692754138e+02
1.698968642304890508e+01 9.212165764627048929e+02
1.703149683701575512e+01 9.019056436598034452e+02
1.707340442392241542e+01 8.829323024896372090e+02
1.711540940961167578e+01 8.642381743082175944e+02
1.715751202045121460e+01 8.457953471629130036e+02
1.719971248333479252e+01 8.276432222839591759e+02
1.724201102568352795e+01 8.097992728054638292e+02
1.728440787544710133e+01 7.922567748075155123e+02
1.732690326110494183e+01 7.750318301929579548e+02
1.736949741166753469e+01 7.581174685647067690e+02
1.741219055667759719e+01 7.414818290725025918e+02
1.745498292621133274e+01 7.250777006429372022e+02
1.749787475087969213e+01 7.089318211378844126e+02
1.754086626182955655e+01 6.930784486411384933e+02
1.758395769074506276e+01 6.775233156028164103e+02
1.762714926984880393e+01 6.622655875446923801e+02
1.767044123190306237e+01 6.472577679446242200e+02
1.771383381021112058e+01 6.324748772067057416e+02
1.775732723861847973e+01 6.179265873712379289e+02
1.780092175151412448e+01 6.036617858935942422e+02
1.784461758383181262e+01 5.896854717046270480e+02
1.788841497105127232e+01 5.759640836804169339e+02
1.793231414919955924e+01 5.625061338400997784e+02
1.797631535485228227e+01 5.492942793469509297e+02
1.802041882513486115e+01 5.362962195121898503e+02
1.806462479772384455e+01 5.235246649548522555e+02
1.810893351084816771e+01 5.109992790309113389e+02
1.815334520329044921e+01 4.987302313958200557e+02
1.819786011438826989e+01 4.867119922959225846e+02
1.824247848403543415e+01 4.749409844781620791e+02
1.828720055268333766e+01 4.633800358604544272e+02
1.833202656134217179e+01 4.520014345706037489e+02
1.837695675158229847e+01 4.408450618354266339e+02
1.842199136553551142e+01 4.299274932643760962e+02
1.846713064589635067e+01 4.192385466481655385e+02
1.851237483592340638e+01 4.087723682396333515e+02
1.855772417944065822e+01 3.985293457304920821e+02
1.860317892083871527e+01 3.884669814774525207e+02
1.864873930507623356e+01 3.785794222061589949e+02
1.869440557768114886e+01 3.689010743838373401e+02
1.874017798475206220e+01 3.594384394112648806e+02
1.878605677295952248e+01 3.501828293850709883e+02
1.883204218954739062e+01 3.411260016084472682e+02
1.887813448233413638e+01 3.322603899930916214e+02
1.892433389971420965e+01 3.235620637978589116e+02
1.897064069065935854e+01 3.150339437877493651e+02
1.901705510471995453e+01 3.066943697877302384e+02
1.906357739202638513e+01 2.985504107270227223e+02
1.911020780329034707e+01 2.905903586338551463e+02
1.915694658980624965e+01 2.828106756629412075e+02
1.920379400345252918e+01 2.751857415090433392e+02
1.925075029669302396e+01 2.677094104526245815e+02
1.929781572257833488e+01 2.604077895368400277e+02
1.934499053474719332e+01 2.532779911621504709e+02
1.939227498742778621e+01 2.463172972007392332e+02
1.943966933543920916e+01 2.395230421065331541e+02
1.948717383419274185e+01 2.328714401118318165e+02
1.953478873969331175e+01 2.263525669462267729e+02
1.958251430854082287e+01 2.199854248309879381e+02
1.963035079793154480e+01 2.137748462470605091e+02
1.967829846565951968e+01 2.077181601392215100e+02
1.972635757011793345e+01 2.018088621310071176e+02
1.977452837030049082e+01 1.960444780892666756e+02
1.982281112580286475e+01 1.904159884838938126e+02
1.987120609682403227e+01 1.849067567502090412e+02
1.991971354416772400e+01 1.795262737878087762e+02
1.996833372924381678e+01 1.742822089226378637e+02
2.001706691406972993e+01 1.691707061519832678e+02
2.006591336127185343e+01 1.641934595497847340e+02
2.011487333408695477e+01 1.593399520716589848e+02
2.016394709636358229e+01 1.545905794828375690e+02
2.021313491256352890e+01 1.499539242812581108e+02
2.026243704776319987e+01 1.454407711927134130e+02
2.031185376765510497e+01 1.410458311622442125e+02
2.036138533854924404e+01 1.367699011129910787e+02
2.041103202737455646e+01 1.326064235658658959e+02
2.046079410168036716e+01 1.285506752046226495e+02
2.051067182963781832e+01 1.245899994766162706e+02
2.056066548004130112e+01 1.207230406938484037e+02
2.061077532230994791e+01 1.169653382790355067e+02
2.066100162648902838e+01 1.133127262796768804e+02
2.071134466325145240e+01 1.097565067279475812e+02
2.076180470389920885e+01 1.062960211788340956e+02
2.081238202036482576e+01 1.029214802838078811e+02
2.086307688521283055e+01 9.963314103626366602e+01
2.091388957164124918e+01 9.643731742397625339e+01
2.096482035348301665e+01 9.333187987739820812e+01
2.101586950520753660e+01 9.031514871221720853e+01
2.106703730192207047e+01 8.738626893016380848e+01
2.111832401937330417e+01 8.454019292637667604e+01
2.116972993394878344e+01 8.176343575226867699e+01
2.122125532267840597e+01 7.905800058283061560e+01
2.127290046323593131e+01 7.643379387628847610e+01
2.132466563394048364e+01 7.388939459356521411e+01
2.137655111375799777e+01 7.142116292059449734e+01
2.142855718230280715e+01 6.902710370235548965e+01
2.148068411983906856e+01 6.669956452362525567e+01
2.153293220728233592e+01 6.443275195401241717e+01
2.158530172620103471e+01 6.222963755563899468e+01
2.163779295881800735e+01 6.009369612284076112e+01
2.169040618801200182e+01 5.802627525318851553e+01
2.174314169731923485e+01 5.602413186954922253e+01
2.179599977093486274e+01 5.408284959930644220e+01
2.184898069371459428e+01 5.219486561721863893e+01
2.190208475117613673e+01 5.035865665237833610e+01
2.195531222950080874e+01 4.857887165471971258e+01
2.200866341553504668e+01 4.685634259649413735e+01
2.206213859679194655e+01 4.518995582202387595e+01
2.211573806145283427e+01 4.357787785222890875e+01
2.216946209836881465e+01 4.201561029026409244e+01
2.222331099706228130e+01 4.049703148054772583e+01
2.227728504772856510e+01 3.902471897205554541e+01
2.233138454123740857e+01 3.760072054009195597e+01
2.238560976913460010e+01 3.622275762009178379e+01
2.243996102364351231e+01 3.489110243781527743e+01
2.249443859766668297e+01 3.360490888530081577e+01
2.254904278478739599e+01 3.235614832524696993e+01
2.260377387927127302e+01 3.114487364719355256e+01
2.265863217606780466e+01 2.997544165354188550e+01
2.271361797081204514e+01 2.884517134743997602e+01
2.276873155982607955e+01 2.775358092928424725e+01
2.282397324012073625e+01 2.669986139356797494e+01
2.287934330939711458e+01 2.567989777213694680e+01
2.293484206604821551e+01 2.469122771764886437e+01
2.299046980916053684e+01 2.373552118140785794e+01
2.304622683851570031e+01 2.281429133773611895e+01
2.310211345459207521e+01 2.192547511011909123e+01
2.315812995856633449e+01 2.106803553312287036e+01
2.321427665231518489e+01 2.024212080444337758e+01
2.327055383841688041e+01 1.944424860386792275e+01
2.332696182015294184e+01 1.867155799155560203e+01
2.338350090150975547e+01 1.792540875999190320e+01
2.344017138718019666e+01 1.720662211123252305e+01
2.349697358256529611e+01 1.651440217632480056e+01
2.355390779377588828e+01 1.584760522293376006e+01
2.361097432763421367e+01 1.520489755321872316e+01
2.366817349167565254e+01 1.458414284455357368e+01
2.372550559415029880e+01 1.398441680351884209e+01
2.378297094402468659e+01 1.340727057093757146e+01
2.384056985098342096e+01 1.285140436543307096e+01
2.389830262543085837e+01 1.231675092898508694e+01
2.395616957849276929e+01 1.180325226997665666e+01
2.401417102201804354e+01 1.130897238970153218e+01
2.407230726858030323e+01 1.083171617243740315e+01
2.413057863147968618e+01 1.037153665998918584e+01
2.418898542474442692e+01 9.929439839813674951e+00
2.424752796313265080e+01 9.504842299427439301e+00
2.430620656213400110e+01 9.097134701282705294e+00
2.436502153797136572e+01 8.705707058121983977e+00
2.442397320760257173e+01 8.329211704526569449e+00
2.448306188872211564e+01 7.965952861458471368e+00
2.454228789976281888e+01 7.616530460806518299e+00
2.460165155989762908e+01 7.281298797881975204e+00
2.466115318904125076e+01 6.959815975320958970e+00
2.472079310785194650e+01 6.651622308711445442e+00
2.478057163773321747e+01 6.355118819819956855e+00
2.484048910083555128e+01 6.069735265450824535e+00
2.490054582005815575e+01 5.795881369063286215e+00
2.496074211905071039e+01 5.533540457849170480e+00
2.502107832221506101e+01 5.281988597316216172e+00
2.508155475470706364e+01 5.041144839239775521e+00
2.514217174243821873e+01 4.810758388430678600e+00
2.520292961207753635e+01 4.589157870312481791e+00
2.526382869105322371e+01 4.375932569211760104e+00
2.532486930755448640e+01 4.171898063318258743e+00
2.538605179053327632e+01 3.976785057135163726e+00
2.544737646970609646e+01 3.790196151483897768e+00
2.550884367555570620e+01 3.611889337246854570e+00
2.557045373933300780e+01 3.441416267157870301e+00
2.563220699305871619e+01 3.278043286789984911e+00
2.569410376952525255e+01 3.121264014719679736e+00
2.575614440229847446e+01 2.971080091733825590e+00
2.581832922571949851e+01 2.827558720804780990e+00
2.588065857490648014e+01 2.690651228580262622e+00
2.594313278575645754e+01 2.560098487356612829e+00
2.600575219494709955e+01 2.435396326528894928e+00
2.606851713993860287e+01 2.315809957446609779e+00
2.613142795897542214e+01 2.201264239360923192e+00
2.619448499108817074e+01 2.091987836223205388e+00
2.625768857609540063e+01 1.987841987382393372e+00
2.632103905460545334e+01 1.888535814253741396e+00
2.638453676801828607e+01 1.793890397527277303e+00
2.644818205852732262e+01 1.703321582143956903e+00
2.651197526912125824e+01 1.616621346440245910e+00
2.657591674358598866e+01 1.534077335624361549e+00
2.664000682650635810e+01 1.455570581112813899e+00
2.670424586326811323e+01 1.380793992192172803e+00
2.676863420005971506e+01 1.309540638410914060e+00
2.683317218387420411e+01 1.241853793312585053e+00
2.689786016251107981e+01 1.177209161797731385e+00
2.696269848457819407e+01 1.115421578365403121e+00
2.702768749949356675e+01 1.056665875307497782e+00
2.709282755748735738e+01 1.000851171730984479e+00
2.715811900960365932e+01 9.478186051804959877e-01
2.722356220770248214e+01 8.974061004696364252e-01
2.728915750446158484e+01 8.493445968942177071e-01
2.735490525337840140e+01 8.035397141539141197e-01
2.742080580877193796e+01 7.600389270418120846e-01
2.748685952578469838e+01 7.187104226440407251e-01
2.755306676038454583e+01 6.795411313618948679e-01
2.761942786936671368e+01 6.424066872899747427e-01
2.768594321035561734e+01 6.071722620329271791e-01
2.775261314180688288e+01 5.735903922485834361e-01
2.781943802300921931e+01 5.416219780446304144e-01
2.788641821408637611e+01 5.113794077413666983e-01
2.795355407599906528e+01 4.826984787623383455e-01
2.802084597054694726e+01 4.555232805860853218e-01
2.808829426037050325e+01 4.298238753927525746e-01
2.815589930895309578e+01 4.055027955765384551e-01
2.822366148062281610e+01 3.823923865832005720e-01
2.829158114055453765e+01 3.604279721366629996e-01
2.835965865477184877e+01 3.396421213071169620e-01
2.842789439014901376e+01 3.199842145201221011e-01
2.849628871441296596e+01 3.014227661568399386e-01
2.856484199614527952e+01 2.839006496448910899e-01
2.863355460478418024e+01 2.672875641926249490e-01
2.870242691062647467e+01 2.515283381489460401e-01
2.877145928482964621e+01 2.366316101921369375e-01
2.884065209941373098e+01 2.225637321015225822e-01
2.891000572726344231e+01 2.092935876679371532e-01
2.897952054213011053e+01 1.967779096679293516e-01
2.904919691863371156e+01 1.849725276332400414e-01
2.911903523226488844e+01 1.737912146476469633e-01
2.918903585938698697e+01 1.632008304415757671e-01
2.925919917723802754e+01 1.532254889171162648e-01
2.932952556393284738e+01 1.438361596391480590e-01
2.940001539846500478e+01 1.349931479821569469e-01
2.947066906070893566e+01 1.266697528259587979e-01
2.954148693142194659e+01 1.188072009729337769e-01
2.961246939224626118e+01 1.113732696017455392e-01
2.968361682571110549e+01 1.043758350458535017e-01
2.975492961523475799e+01 9.779665004462211042e-02
2.982640814512656746e+01 9.161340824477591516e-02
2.989805280058913795e+01 8.580408385349796996e-02
2.996986396772026495e+01 8.034813450088369724e-02
3.004184203351513816e+01 7.520617118772453258e-02
3.011398738586835577e+01 7.035091846377400371e-02
3.018630041357603488e+01 6.579164148116171951e-02
3.025878150633791108e+01 6.151945875637931244e-02
3.033143105475944523e+01 5.751157180310865341e-02
3.040424945035386983e+01 5.375059378809472072e-02
3.047723708554440947e+01 5.022019904390055689e-02
3.055039435366627032e+01 4.689720459280954240e-02
3.062372164896887128e+01 4.377336224092757272e-02
3.069721936661789385e+01 4.084902571362393486e-02
3.077088790269744933e+01 3.811306431635743536e-02
3.084472765421219265e+01 3.555356518143826944e-02
3.091873901908948952e+01 3.315816543397013400e-02
3.099292239618149125e+01 3.090687042574767618e-02
3.106727818526739782e+01 2.879398501951255587e-02
3.114180678705549354e+01 2.681843467162449771e-02
3.121650860318539600e+01 2.497179177820877533e-02
3.129138403623018405e+01 2.324806676119291551e-02
3.136643348969855083e+01 2.163807302228880000e-02
3.144165736803702771e+01 2.013426508827100003e-02
3.151705607663211595e+01 1.872572782889843357e-02
3.159263002181246804e+01 1.740442126553314039e-02
3.166837961085114017e+01 1.617253671221014280e-02
3.174430525196769537e+01 1.502497336020579104e-02
3.182040735433049861e+01 1.395475681157904921e-02
3.189668632805885551e+01 1.295863600119665990e-02
3.197314258422525057e+01 1.203002713282430233e-02
3.204977653485754274e+01 1.116083391310653504e-02
3.212658859294122493e+01 1.034915299188483677e-02
3.220357917242156987e+01 9.593638655939550758e-03
3.228074868820598908e+01 8.891791686816929302e-03
3.235809755616612193e+01 8.239075352698885940e-03
3.243562619314018036e+01 7.632125104754378803e-03
3.251333501693518002e+01 7.066872390446871967e-03
3.259122444632915006e+01 6.539047082981454262e-03
3.266929490107342104e+01 6.048632221406953502e-03
3.274754680189490585e+01 5.594105672129217124e-03
3.282598057049828810e+01 5.172548169982993729e-03
3.290459662956840958e+01 4.781467401277233846e-03
3.298339540277242321e+01 4.418808851661182313e-03
3.306237731476220176e+01 4.081169880326867769e-03
3.314154279117654056e+01 3.766815168788764830e-03
3.322089225864346673e+01 3.475773700983635431e-03
3.330042614478255558e+01 3.206701003942501009e-03
3.338014487820725407e+01 2.957687495234718328e-03
3.346004888852709769e+01 2.727271558527825414e-03
3.354013860635016187e+01 2.513549853299796178e-03
3.362041446328525041e+01 2.314957614471598903e-03
3.370087689194433267e+01 2.131257749444449758e-03
3.378152632594479599e+01 1.961572600070997634e-03
3.386236319991184018e+01 1.804878801131952872e-03
3.394338794948075133e+01 1.660275920281028585e-03
3.402460101129935310e+01 1.526980292429594042e-03
3.410600282303020236e+01 1.403482062085937686e-03
3.418759382335314001e+01 1.288952531590639022e-03
3.426937445196747234e+01 1.183522189833302075e-03
3.435134514959448637e+01 1.086432239944459940e-03
3.443350635797973780e+01 9.970446744899312368e-04
3.451585851989545972e+01 9.147794539864750451e-04
3.459840207914295718e+01 8.391459472368832401e-04
3.468113748055499457e+01 7.692828365276257454e-04
3.476406516999812624e+01 7.046109247490961371e-04
3.484718559437523311e+01 6.453005286350498157e-04
3.493049920162784616e+01 5.908384023093818773e-04
3.501400644073851964e+01 5.407476691169105926e-04
3.509770776173335349e+01 4.947956134970092927e-04
3.518160361568434524e+01 4.525275374741508376e-04
3.526569445471186270e+01 4.135773389464102059e-04
3.534998073198704560e+01 3.777570570696184489e-04
3.543446290173428537e+01 3.449420523713512795e-04
3.551914141923359836e+01 3.149177745446405090e-04
3.560401674082319801e+01 2.873965410936764136e-04
3.568908932390182542e+01 2.622157772321115658e-04
3.577435962693131444e+01 2.390782880743019519e-04
3.585982810943903587e+01 2.178436993089625520e-04
3.594549523202033470e+01 1.984494526462210527e-04
3.603136145634105958e+01 1.806994588771105572e-04
3.611742724514003555e+01 1.644876542394100693e-04
3.620369306223150119e+01 1.497090872336033832e-04
3.629015937250775181e+01 1.361878197928574749e-04
3.637682664194145588e+01 1.237775039941755402e-04
3.646369533758833370e+01 1.124407177117380641e-04
3.655076592758958753e+01 1.021190535376814386e-04
3.663803888117443819e+01 9.272082516343309972e-05
3.672551466866264747e+01 8.416174180164391063e-05
3.681319376146710454e+01 7.636775309715069019e-05
3.690107663209624178e+01 6.924452866150843967e-05
3.698916375415675617e+01 6.273052006588677619e-05
3.707745560235598958e+01 5.680782472043999128e-05
3.716595265250462177e+01 5.143351226195175003e-05
3.725465538151916434e+01 4.655361639560487934e-05
3.734356426742454005e+01 4.212550974746353963e-05
3.743267978935667628e+01 3.810817332539705280e-05
3.752200242756507720e+01 3.444528119312558048e-05
3.761153266341537460e+01 3.110929280892615661e-05
3.770127097939201377e+01 2.809068083423778330e-05
3.779121785910072617e+01 2.535535487190383565e-05
3.788137378727127924e+01 2.287726357474224027e-05
3.797173924975998460e+01 2.063791709240555934e-05
3.806231473355234129e+01 1.860204951241962857e-05
3.815310072676568609e+01 1.675104501567379833e-05
3.824409771865180829e+01 1.508111235693638205e-05
3.833530619959953611e+01 1.357216926482591191e-05
3.842672666113749358e+01 1.220921026986648317e-05
3.851835959593661585e+01 1.098135554117216198e-05
3.861020549781292033e+01 9.873741533360099758e-06
3.870226486173010727e+01 8.870190525289184294e-06
3.879453818380221719e+01 7.962626316000680977e-06
3.888702596129635936e+01 7.145154680956432900e-06
3.897972869263534790e+01 6.409130078699346211e-06
3.907264687740035214e+01 5.746836506133875939e-06
3.916578101633371034e+01 5.151145496667768991e-06
3.925913161134146634e+01 4.615540171538526006e-06
3.935269916549624014e+01 4.131951827115710049e-06
3.944648418303981430e+01 3.696471942380843552e-06
3.954048716938591213e+01 3.305714956480923712e-06
3.963470863112289777e+01 2.955164822031313295e-06
3.972914907601654022e+01 2.640894559618360574e-06
3.982380901301264942e+01 2.359259059754171288e-06
3.991868895224000369e+01 2.105866229791617751e-06
4.001378940501286507e+01 1.877824143386982946e-06
4.010911088383395651e+01 1.673854747571289032e-06
4.020465390239707659e+01 1.491479800647613679e-06
4.030041897558994179e+01 1.328546634900231527e-06
4.039640661949690781e+01 1.183010210623026109e-06
4.049261735140182594e+01 1.053321647702516001e-06
4.058905168979070055e+01 9.368942515028331506e-07
4.068571015435466620e+01 8.323719793385601944e-07
4.078259326599259538e+01 7.392591738890852558e-07
4.087970154681406143e+01 6.562768968975358185e-07
4.097703552014207418e+01 5.825095993759826993e-07
4.107459571051590785e+01 5.168875698868116138e-07
4.117238264369393619e+01 4.583005585075400048e-07
4.127039684665649588e+01 4.059759540836040316e-07
4.136863884760862220e+01 3.593721047944689713e-07
4.146710917598305457e+01 3.179758096301296569e-07
4.156580836244292954e+01 2.812595927674898509e-07
4.166473693888476504e+01 2.487119772415460362e-07
4.176389543844125996e+01 2.198604898796787998e-07
4.186328439548419311e+01 1.941770448506154001e-07
4.196290434562727967e+01 1.713284513395278948e-07
4.206275582572910565e+01 1.511003507506138854e-07
4.216283937389591330e+01 1.331921725877586314e-07
4.226315552948467058e+01 1.173617458385321548e-07
4.236370483310578550e+01 1.033870927860802057e-07
4.246448782662619692e+01 9.102164949294985873e-08
4.256550505317217414e+01 8.005534567544984574e-08
4.266675705713229405e+01 7.034736657865166178e-08
4.276824438416036855e+01 6.178956145113982783e-08
4.286996758117837203e+01 5.425706820589751251e-08
4.297192719637941849e+01 4.762725251121819336e-08
4.307412377923064639e+01 4.178617316337115543e-08
4.317655788047629528e+01 3.663543491485414365e-08
4.327923005214053376e+01 3.208976945736626664e-08
4.338214084753057165e+01 2.808617780910132064e-08
4.348529082123954481e+01 2.457277593536666703e-08
4.358868052914954916e+01 2.148772034356303228e-08
4.369231052843461782e+01 1.878605520047391295e-08
4.379618137756376939e+01 1.641784489060677225e-08
4.390029363630387849e+01 1.432764924878987200e-08
4.400464786572290876e+01 1.249001781591535904e-08
4.410924462819271952e+01 1.088483271596746851e-08
4.421408448739227026e+01 9.482460549913948937e-09
4.431916800831055525e+01 8.258165232773871892e-09
4.442449575724968724e+01 7.189082920539146743e-09
4.453006830182792442e+01 6.253902427598882403e-09
4.463588621098278963e+01 5.434122558285597122e-09
4.474195005497400501e+01 4.717832042158550992e-09
4.484826040538675329e+01 4.094704549531162029e-09
4.495481783513455554e+01 3.552404397658546588e-09
4.506162291846253964e+01 3.079518984341081633e-09
4.516867623095042461e+01 2.668697478230686354e-09
4.527597834951565403e+01 2.310560045820931703e-09
4.538352985241651538e+01 1.998293080687028716e-09
4.549133131925525220e+01 1.727362982374415080e-09
4.559938333098111940e+01 1.492278710634286005e-09
4.570768646989365891e+01 1.288552773130606678e-09
4.581624131964567681e+01 1.112320847098960549e-09
4.592504846524651896e+01 9.596153478145400257e-10
4.603410849306516184e+01 8.267508889770592354e-10
4.614342199083336737e+01 7.115212878024391901e-10
4.625298954764887327e+01 6.121561491465784232e-10
4.636281175397857623e+01 5.265329946865681798e-10
4.647288920166162995e+01 4.526746911894711988e-10
4.658322248391279174e+01 3.890150103410326269e-10
4.669381219532543525e+01 3.339680148830344214e-10
4.680465893187492554e+01 2.863745075263527689e-10
4.691576329092171704e+01 2.453835091052164044e-10
4.702712587121462207e+01 2.101180414660918933e-10
4.713874727289400823e+01 1.798569849180637514e-10
4.725062809749508830e+01 1.538806031436123145e-10
4.736276894795103942e+01 1.315530463691123795e-10
4.747517042859644931e+01 1.123463442007380467e-10
4.758783314517033602e+01 9.584839100474788006e-11
4.770075770481962962e+01 8.175518215265783131e-11
4.781394471610231989e+01 6.968197768277493289e-11
4.792739478899075323e+01 5.934934276808064065e-11
4.804110853487495802e+01 5.053219880122722746e-11
4.815508656656591313e+01 4.300165211801047554e-11
4.826932949829879504e+01 3.654600543560759240e-11
4.838383794573643826e+01 3.101861612787898429e-11
4.849861252597244743e+01 2.632125124379840992e-11
4.861365385753473589e+01 2.232499113895350459e-11
4.872896256038870177e+01 1.892397345460937244e-11
4.884453925594064572e+01 1.603268389649592088e-11
4.896038456704109620e+01 1.356591304088051393e-11
4.907649911798819176e+01 1.146196255217216540e-11
4.919288353453093521e+01 9.679993698728880630e-12
4.930953844387278195e+01 8.171558779412986019e-12
4.942646447467475923e+01 6.894237036283678792e-12
4.954366225705907567e+01 5.813211553076944374e-12
4.966113242261241822e+01 4.898196339903567318e-12
4.977887560438932724e+01 4.121781491748543295e-12
4.989689243691567810e+01 3.464856763904518338e-12
5.001518355619208478e+01 2.911446403725658658e-12
5.013374959969722511e+01 2.444516805415688330e-12
5.025259120639147881e+01 2.051211068094812483e-12
5.037170901672013912e+01 1.720475699521592436e-12
5.049110367261706500e+01 1.441242767222493272e-12
5.061077581750802068e+01 1.205729992671325532e-12
5.073072609631418572e+01 1.008074352969773736e-12
5.085095515545560829e+01 8.423431134482462528e-13
5.097146364285475073e+01 7.035496971831417346e-13
5.109225220793983624e+01 5.872247169253982938e-13
5.121332150164855790e+01 4.898873369173290324e-13
5.133467217643136138e+01 4.081377351733025685e-13
5.145630488625515397e+01 3.394624670096711731e-13
5.157822028660674363e+01 2.821259127252051660e-13
5.170041903449634191e+01 2.343922563930572254e-13
5.182290178846116646e+01 1.947208041977489597e-13
5.194566920856897241e+01 1.616066937322659422e-13
5.206872195642152690e+01 1.339977859428424374e-13
5.219206069515833235e+01 1.109812006182525650e-13
5.231568608946010812e+01 9.179269538739551109e-14
5.243959880555230058e+01 7.587399477499793996e-14
5.256379951120883476e+01 6.265948713872178876e-14
5.268828887575559605e+01 5.170796990872597936e-14
5.281306757007407526e+01 4.265422344833178804e-14
5.293813626660499949e+01 3.515300716142437531e-14
5.306349563935193459e+01 2.893378488757910704e-14
5.318914636388485206e+01 2.379251536489823652e-14
5.331508911734395895e+01 1.954748353561365690e-14
5.344132457844308703e+01 1.604864979538894571e-14
5.356785342747360090e+01 1.317096518542462450e-14
5.369467634630790087e+01 1.080442335569962490e-14
5.382179401840317468e+01 8.849521007016110841e-15
5.394920712880502833e+01 7.234487640076477868e-15
5.407691636415124492e+01 5.911852340567939997e-15
5.420492241267537281e+01 4.827702497380903183e-15
5.433322596421059814e+01 3.939874149043255201e-15
5.446182771019326196e+01 3.213333604211680486e-15
5.459072834366678961e+01 2.617217424944997094e-15
5.471992855928529309e+01 2.128124464105034879e-15
5.484942905331736540e+01 1.729731067836609128e-15
5.497923052364980379e+01 1.405260172527468974e-15
5.510933366979142534e+01 1.140429421766685927e-15
5.523973919287671208e+01 9.246867956131965985e-16
5.537044779566978292e+01 7.493730703920275095e-16
5.550146018256796765e+01 6.063974987522491504e-16
5.563277705960579311e+01 4.895997380459946493e-16
5.576439913445866381e+01 3.950631540890713776e-16
5.589632711644674146e+01 3.187359263480955658e-16
5.602856171653870376e+01 2.568961407857373594e-16
5.616110364735568794e+01 2.068710023288702482e-16
5.629395362317492868e+01 1.665272773652405564e-16
5.642711235993387930e+01 1.337989686616225946e-16
5.656058057523379290e+01 1.072816138816149908e-16
5.669435898834382925e+01 8.595608942347909888e-17
5.682844832020477099e+01 6.882623172279678423e-17
5.696284929343298842e+01 5.503866065282103245e-17
5.709756263232429063e+01 4.398596179508046540e-17
5.723258906285787617e+01 3.510505567338474820e-17
5.736792931270014151e+01 2.794364232501018532e-17
5.750358411120877378e+01 2.219911309921593181e-17
5.763955418943648112e+01 1.760733504483810212e-17
5.777584028013512096e+01 1.394068820028059628e-17
5.791244311775952980e+01 1.101582740088497905e-17
5.804936343847150937e+01 8.687370892229732761e-18
5.818660198014381280e+01 6.822337200795380558e-18
5.832415948236413072e+01 5.332051331188481834e-18
5.846203668643896378e+01 4.147859420217836509e-18
5.860023433539782189e+01 3.209253123335574655e-18
5.873875317399699725e+01 2.464952363078563289e-18
5.887759394872378493e+01 1.873278533465977897e-18
5.901675740780039092e+01 1.403210530828993722e-18
5.915624430118798216e+01 1.030329056026847754e-18
5.929605538059075798e+01 7.342160484271209541e-19
5.943619139945990781e+01 4.994624788728561110e-19
5.957665311299781052e+01 3.138595067669418709e-19
5.971744127816202052e+01 1.671775156013363760e-19
5.985855665366938183e+01 5.133887551824592267e-20
6.000000000000001421e+01 0.000000000000000000e+00
